Test loss: 0.38167632964895615
val_mean_absolute_error: 0.18173088528226902
val_mean_squared_error: 0.24848091337667366
RMSE: 0.4416568222166636
