Test loss: 0.0863246159211407
val_mean_absolute_error: 0.06942392974932461
val_mean_squared_error: 0.06952670173354177
RMSE: 0.22074199524658136
