Test loss: 0.04719588579908829
val_mean_absolute_error: 0.057682903978654165
val_mean_squared_error: 0.04600156559175452
RMSE: 0.17641262256205323
