Test loss: 1.0152255279944424
Test accuracy: 0.0
val_mean_absolute_error: 0.8093151863827366
val_mean_squared_error: 1.0144446179809845
RMSE: 0.996908100914452
