Test loss: 0.05862192636132101
val_mean_absolute_error: 0.06240602657165098
val_mean_squared_error: 0.05699383490401938
RMSE: 0.20028426339322844
