Test loss: 0.061436114239011186
val_mean_absolute_error: 0.07119851343111853
val_mean_squared_error: 0.061436114239011186
RMSE: 0.21079334871403557
