Test loss: 0.15597985675966589
val_mean_absolute_error: 0.10193796170306334
val_mean_squared_error: 0.14589866714507058
RMSE: 0.17180553408643265
