Test loss: 0.0835928644554667
val_mean_absolute_error: 0.07740966386828652
val_mean_squared_error: 0.07768352489741369
RMSE: 0.23583561442769532
