Test loss: 0.07793565148405163
val_mean_absolute_error: 0.06549349497568092
val_mean_squared_error: 0.06590427429701615
RMSE: 0.21416643085265888
