Test loss: 0.11697982647428187
val_mean_absolute_error: 0.21885715251490423
val_mean_squared_error: 0.10365068355457706
RMSE: 0.29177090399533756
