Test loss: 0.4933725821248989
val_mean_absolute_error: 0.5085840255053281
val_mean_squared_error: 0.4819063616563808
RMSE: 0.6234641452668586
