Test loss: 0.08240710455595011
val_mean_absolute_error: 0.06779316963532968
val_mean_squared_error: 0.06611991512657973
RMSE: 0.2150788741317693
