Test loss: 0.061471844264725725
val_mean_absolute_error: 0.06226352557046434
val_mean_squared_error: 0.05530658940618701
RMSE: 0.19741499737787235
