Test loss: 0.06518034793594389
val_mean_absolute_error: 0.06727786902861026
val_mean_squared_error: 0.06512809902411129
RMSE: 0.21557047628939502
