Test loss: 0.09665986634275613
val_mean_absolute_error: 0.08500118898726623
val_mean_squared_error: 0.09382937954794299
RMSE: 0.2626245185178481
