Test loss: 0.06696782691148086
val_mean_absolute_error: 0.06967870125572218
val_mean_squared_error: 0.06661579572700625
RMSE: 0.21976734737839895
