Test loss: 0.06662282924324396
val_mean_absolute_error: 0.06468734568390497
val_mean_squared_error: 0.06560531676125474
RMSE: 0.20930175867316375
