Test loss: 0.06464518402595539
val_mean_absolute_error: 0.06431469321667191
val_mean_squared_error: 0.06296635629553392
RMSE: 0.20963224122264976
