Test loss: 0.003378884140498873
Test accuracy: 1.5652391685449535e-05
val_mean_absolute_error: 0.03962905884942195
val_mean_squared_error: 0.0033525981956480863
RMSE: 0.056543495165519535
