Test loss: 0.09328195580321799
val_mean_absolute_error: 0.19650789763034765
val_mean_squared_error: 0.08391717239547056
RMSE: 0.28245902943883006
