Test loss: 0.1551283772071572
Test accuracy: 0.0
val_mean_absolute_error: 0.2412599274327828
val_mean_squared_error: 0.11820035504152361
RMSE: 0.33703959801620204
