Test loss: 0.2386989847934802
val_mean_absolute_error: 0.34014679333984776
val_mean_squared_error: 0.22955492473930716
RMSE: 0.43841449741113936
