Test loss: 0.2871404102140673
val_mean_absolute_error: 0.40186211018307016
val_mean_squared_error: 0.27742579499455344
RMSE: 0.49690000173653365
