Test loss: 0.11688230691272464
val_mean_absolute_error: 0.21974170078900557
val_mean_squared_error: 0.10262272492047163
RMSE: 0.3131311483822329
