Test loss: 0.13169483521947745
val_mean_absolute_error: 0.13452657524784387
val_mean_squared_error: 0.11606637991300914
RMSE: 0.29849836006947117
