Test loss: 0.09578582725479332
val_mean_absolute_error: 0.18984947626100676
val_mean_squared_error: 0.08021786334124618
RMSE: 0.27594118867071055
