Test loss: 0.09664502141660271
val_mean_absolute_error: 0.07975437615750046
val_mean_squared_error: 0.08473292208992007
RMSE: 0.13182987705891788
