Test loss: 0.12312900584783151
val_mean_absolute_error: 0.24765560066667539
val_mean_squared_error: 0.12312900584783151
RMSE: 0.34392876031690284
