Test loss: 0.09285916864579237
val_mean_absolute_error: 0.18732797552841246
val_mean_squared_error: 0.0795615570270644
RMSE: 0.27424276620231186
