Test loss: 0.10473386630507515
val_mean_absolute_error: 0.21110295170184126
val_mean_squared_error: 0.09389777776080713
RMSE: 0.29920832104029416
