Test loss: 0.09016155158875785
val_mean_absolute_error: 0.07083725906319079
val_mean_squared_error: 0.0736358390240651
RMSE: 0.22608207437325678
