Test loss: 0.0665147677843137
val_mean_absolute_error: 0.06909273475465683
val_mean_squared_error: 0.060324540915976124
RMSE: 0.20365420162972883
