Test loss: 0.00409016572732
Test accuracy: 0.0
val_mean_absolute_error: 0.0390796088884
val_mean_squared_error: 0.00407445506938
RMSE: 0.060368403623
