Test loss: 1.0075419768562501
val_mean_absolute_error: 0.4456949920984624
val_mean_squared_error: 1.0075419768562501
RMSE: 0.557913547077998
