Test loss: 0.08199173671417655
val_mean_absolute_error: 0.06134010960825837
val_mean_squared_error: 0.07088102043968214
RMSE: 0.2176260624112968
