Test loss: 0.0988887217101915
val_mean_absolute_error: 0.19742628127145848
val_mean_squared_error: 0.08645793097765976
RMSE: 0.28622251385395636
