Test loss: 0.000452236607037
Test accuracy: 0.0
val_mean_absolute_error: 0.0124432446596
val_mean_squared_error: 0.000440228810179
RMSE: 0.019939429316
