Test loss: 0.00280119555086
Test accuracy: 0.0
val_mean_absolute_error: 0.0352251434233
val_mean_squared_error: 0.00278022528273
RMSE: 0.0889665989214
