Test loss: 0.12638795208989145
val_mean_absolute_error: 0.22784030219171772
val_mean_squared_error: 0.11203226166786534
RMSE: 0.3013090998558515
