Test loss: 1.0042719779113993
val_mean_absolute_error: 0.4444275153438645
val_mean_squared_error: 1.0042719779113993
RMSE: 0.8795550320695851
