Test loss: 0.14956046357451128
val_mean_absolute_error: 0.10763358325580312
val_mean_squared_error: 0.14037314615988464
RMSE: 0.17654645419655793
