Test loss: 0.06246805700623902
val_mean_absolute_error: 0.06316355406823364
val_mean_squared_error: 0.06037398224029736
RMSE: 0.2037988143719725
