Test loss: 0.09677505656588022
val_mean_absolute_error: 0.08340615094976277
val_mean_squared_error: 0.08501941654059897
RMSE: 0.13520394657781062
