Test loss: 0.0967902963829362
val_mean_absolute_error: 0.07370178197712304
val_mean_squared_error: 0.08038288125828429
RMSE: 0.23464782325495379
