Test loss: 0.08566417838667426
val_mean_absolute_error: 0.06568838029942052
val_mean_squared_error: 0.07346321393160446
RMSE: 0.22516862144517188
