Test loss: 0.060571173361698594
val_mean_absolute_error: 0.06177700476024225
val_mean_squared_error: 0.058357234371065436
RMSE: 0.2018132507613128
