Test loss: 0.10252458617013566
val_mean_absolute_error: 0.20383731498930902
val_mean_squared_error: 0.09059309093714125
RMSE: 0.29357623360884316
