Test loss: 0.11133833383876662
val_mean_absolute_error: 0.10675322758685855
val_mean_squared_error: 0.0985491053319825
RMSE: 0.26645129629958825
