Test loss: 1.0075289991187484
val_mean_absolute_error: 0.44672274676087176
val_mean_squared_error: 1.0075289991187484
RMSE: 0.5588042692514222
