Test loss: 0.0941510790535941
val_mean_absolute_error: 0.18764326932816872
val_mean_squared_error: 0.08089705645467489
RMSE: 0.27649125341391434
