Test loss: 0.06851216614445974
val_mean_absolute_error: 0.06335052451973464
val_mean_squared_error: 0.06206602469547581
RMSE: 0.20663687791684127
