Test loss: 0.00314261903934
Test accuracy: 0.0
val_mean_absolute_error: 0.0367026393353
val_mean_squared_error: 0.00300343844218
RMSE: 0.0961051136614
