Test loss: 0.05680876682980235
val_mean_absolute_error: 0.06075021248699994
val_mean_squared_error: 0.055172609339690114
RMSE: 0.19540233019950667
