Test loss: 0.14339650903325435
val_mean_absolute_error: 0.09016423284764014
val_mean_squared_error: 0.09807380195504838
RMSE: 0.2652489813813254
