Test loss: 0.08559633324965267
Test accuracy: 0.0
val_mean_absolute_error: 0.20330796493126596
val_mean_squared_error: 0.08542396614173237
RMSE: 0.2858608250167084
