Test loss: 0.07985689230904781
val_mean_absolute_error: 0.059693036484372866
val_mean_squared_error: 0.06596496136203508
RMSE: 0.20752697769067507
