Test loss: 0.04905012882395109
val_mean_absolute_error: 0.05575600122342329
val_mean_squared_error: 0.047656691626906174
RMSE: 0.18133666361938797
