Test loss: 0.10112998151075103
val_mean_absolute_error: 0.2089150839387497
val_mean_squared_error: 0.09123774657859379
RMSE: 0.29508412860657546
