Test loss: 0.07967682808092251
val_mean_absolute_error: 0.06364375206095775
val_mean_squared_error: 0.06745715563275963
RMSE: 0.2130102174562711
