Test loss: 0.15103139766730078
val_mean_absolute_error: 0.2534133809818994
val_mean_squared_error: 0.13785813534407845
RMSE: 0.33484157734962305
