Test loss: 0.09514158566566723
val_mean_absolute_error: 0.19963329593636095
val_mean_squared_error: 0.08662037857552417
RMSE: 0.2873197451865263
