Test loss: 0.09734344395201713
val_mean_absolute_error: 0.07363079460987212
val_mean_squared_error: 0.08429018108810998
RMSE: 0.24687358471500395
