Test loss: 0.08097998021055737
Test accuracy: 0.0
val_mean_absolute_error: 0.19053006714941098
val_mean_squared_error: 0.07998629314172476
RMSE: 0.27581783036908364
