Test loss: 0.27268729597661523
val_mean_absolute_error: 0.37015572827837107
val_mean_squared_error: 0.26404759406935313
RMSE: 0.4693012067171264
