Test loss: 0.13473840407485158
val_mean_absolute_error: 0.23813766050185475
val_mean_squared_error: 0.12185314553790158
RMSE: 0.31335311317899556
