Test loss: 0.04499104485067835
val_mean_absolute_error: 0.052311753077818136
val_mean_squared_error: 0.04419929076964065
RMSE: 0.17102551312631029
