Test loss: 0.09638471381637016
val_mean_absolute_error: 0.19699759025522864
val_mean_squared_error: 0.08607960264367243
RMSE: 0.28635991172186176
