Test loss: 0.05732183846197128
val_mean_absolute_error: 0.06222937482313588
val_mean_squared_error: 0.05723420163668929
RMSE: 0.20068171350923136
