Test loss: 0.04803109754311144
val_mean_absolute_error: 0.05446925106104925
val_mean_squared_error: 0.04684624268835191
RMSE: 0.17862539843317063
