Test loss: 0.10243672494142336
val_mean_absolute_error: 0.20834036455204688
val_mean_squared_error: 0.09095419390759307
RMSE: 0.2946261461030152
