Test loss: 0.6360715072374611
val_mean_absolute_error: 0.5974207593399996
val_mean_squared_error: 0.6244237965032783
RMSE: 0.7219212224977869
