Test loss: 0.08575258308281085
val_mean_absolute_error: 0.19923477732846023
val_mean_squared_error: 0.08575258308281085
RMSE: 0.28585337520059634
