Test loss: 0.05699520682253718
val_mean_absolute_error: 0.05873044429306194
val_mean_squared_error: 0.05537218796469452
RMSE: 0.19234491086120936
