Test loss: 0.08905516268270984
val_mean_absolute_error: 0.07450912148657052
val_mean_squared_error: 0.07482235432834365
RMSE: 0.23124181574008096
