Test loss: 0.00279081666851
Test accuracy: 0.0
val_mean_absolute_error: 0.0348187426662
val_mean_squared_error: 0.00275975609063
RMSE: 0.0509812200078
