Test loss: 0.06531737587146726
val_mean_absolute_error: 0.06783048076777651
val_mean_squared_error: 0.06531737587146726
RMSE: 0.21268427581151678
