Test loss: 0.2960745579407693
val_mean_absolute_error: 0.38189081623100274
val_mean_squared_error: 0.28719825099655427
RMSE: 0.48401684997515576
