Test loss: 0.06144202982391402
val_mean_absolute_error: 0.06258502412724902
val_mean_squared_error: 0.06102685939523942
RMSE: 0.20160645019350734
