Test loss: 0.11229655525430775
val_mean_absolute_error: 0.09256263977941155
val_mean_squared_error: 0.10872477897664226
RMSE: 0.2867322846625116
