Test loss: 0.09446864173029773
val_mean_absolute_error: 0.19940191492352777
val_mean_squared_error: 0.08789487532606934
RMSE: 0.2892515839776334
