Test loss: 0.22830909319793743
val_mean_absolute_error: 0.24333911756366758
val_mean_squared_error: 0.21010608912977136
RMSE: 0.4194105033938253
