Test loss: 1.0088766356108654
val_mean_absolute_error: 0.43869637276426954
val_mean_squared_error: 1.0088766356108654
RMSE: 0.8798803897539005
