Test loss: 0.059289322676174844
val_mean_absolute_error: 0.062248416575701696
val_mean_squared_error: 0.059222526082229165
RMSE: 0.20306462379027185
