Test loss: 0.06286306461670045
val_mean_absolute_error: 0.06496907448516605
val_mean_squared_error: 0.06286306461670045
RMSE: 0.20467654729919887
