Test loss: 0.08454163462450637
val_mean_absolute_error: 0.06556713069689048
val_mean_squared_error: 0.07098449493923174
RMSE: 0.21795033239580217
