Test loss: 0.0137228233211
Test accuracy: 0.0
val_mean_absolute_error: 0.0879983490698
val_mean_squared_error: 0.013709733236
RMSE: 0.11572855752
