Test loss: 0.08296842658168133
val_mean_absolute_error: 0.06851981012597308
val_mean_squared_error: 0.07134107213991316
RMSE: 0.2174558778326569
