Test loss: 0.05462039367671712
val_mean_absolute_error: 0.06344856408314278
val_mean_squared_error: 0.05404937644695173
RMSE: 0.19437474588245512
