Test loss: 0.056756483619692225
val_mean_absolute_error: 0.06236981233737883
val_mean_squared_error: 0.056215578470279214
RMSE: 0.19776367098066125
