Test loss: 0.10233551536537225
val_mean_absolute_error: 0.08642840686679934
val_mean_squared_error: 0.08813231847395864
RMSE: 0.2571621780353731
