Test loss: 0.24154194670862872
val_mean_absolute_error: 0.20695933225676527
val_mean_squared_error: 0.23217169452717262
RMSE: 0.4216520327460986
