Test loss: 0.06325397549272933
val_mean_absolute_error: 0.06344114635415861
val_mean_squared_error: 0.057446913262293266
RMSE: 0.20047343092573183
