Test loss: 0.10099731821635598
val_mean_absolute_error: 0.08098343505193668
val_mean_squared_error: 0.09047769850857806
RMSE: 0.2520294939860216
