Test loss: 0.08740587388253078
val_mean_absolute_error: 0.08527067952677739
val_mean_squared_error: 0.08458730320516919
RMSE: 0.2486312517723385
