Test loss: 0.08234914127948836
val_mean_absolute_error: 0.06943523269911588
val_mean_squared_error: 0.06818553680101333
RMSE: 0.21692895055178774
