Test loss: 0.05169012217762065
val_mean_absolute_error: 0.059332479975744444
val_mean_squared_error: 0.05040413001189775
RMSE: 0.18645539966187075
