Test loss: 0.11536406635512123
val_mean_absolute_error: 0.09162844257821248
val_mean_squared_error: 0.10455388966832004
RMSE: 0.2786162780675191
