Test loss: 0.059329614345938544
val_mean_absolute_error: 0.06668200571531822
val_mean_squared_error: 0.057406058294725996
RMSE: 0.20019265142842005
