Test loss: 0.25431717721594715
val_mean_absolute_error: 0.35150348393955455
val_mean_squared_error: 0.24564725303426896
RMSE: 0.45255046779810737
