Test loss: 0.08122851790377938
val_mean_absolute_error: 0.07212489709187382
val_mean_squared_error: 0.06519394926680012
RMSE: 0.2151788818938446
