Test loss: 0.04319732643428992
val_mean_absolute_error: 0.05233011049000123
val_mean_squared_error: 0.04242569291575468
RMSE: 0.16790248181503714
