Test loss: 0.06056303069402759
val_mean_absolute_error: 0.06480430722912427
val_mean_squared_error: 0.060183629981063726
RMSE: 0.20186679445319652
