Test loss: 0.05967038278673885
val_mean_absolute_error: 0.06406982258119445
val_mean_squared_error: 0.05962343524790282
RMSE: 0.20085876629766578
