Test loss: 0.00159888992717
Test accuracy: 0.0
val_mean_absolute_error: 0.0217224097241
val_mean_squared_error: 0.00158236184987
RMSE: 0.0370963161127
