Test loss: 0.09173799185223472
val_mean_absolute_error: 0.19724896373997405
val_mean_squared_error: 0.0846748860910997
RMSE: 0.28387826247431786
