Test loss: 0.06343217824334543
val_mean_absolute_error: 0.06933845909866698
val_mean_squared_error: 0.06337751705645131
RMSE: 0.21208104283839857
